3.58352E+1	3.32623E+1	-3.69300E+0																	
3.62197E+1	3.32873E+1	-3.76538E+0																	
3.66033E+1	3.32837E+1	-3.83977E+0																	
3.69781E+1	3.32267E+1	-3.91689E+0																	
3.73395E+1	3.31231E+1	-3.99468E+0																	
3.76979E+1	3.30084E+1	-4.07068E+0																	
3.80598E+1	3.29045E+1	-4.14276E+0																	
3.84231E+1	3.28079E+1	-4.20871E+0																	
3.87835E+1	3.27047E+1	-4.26597E+0																	
3.91384E+1	3.25837E+1	-4.31175E+0																	
3.94870E+1	3.24389E+1	-4.34391E+0																	
3.98283E+1	3.22692E+1	-4.36089E+0																	
4.01613E+1	3.20790E+1	-4.36210E+0																	
4.04880E+1	3.18799E+1	-4.34887E+0																	
4.08117E+1	3.16816E+1	-4.32403E+0																	
4.11356E+1	3.14894E+1	-4.29064E+0																	
4.14626E+1	3.13068E+1	-4.25124E+0																	
4.17931E+1	3.11362E+1	-4.20670E+0																	
4.21227E+1	3.09796E+1	-4.16088E+0																	
4.24434E+1	3.08326E+1	-4.11550E+0																	
																			
3.58348E+1	3.32586E+1	-3.68738E+0																	
3.62178E+1	3.33005E+1	-3.77451E+0																	
3.66010E+1	3.33172E+1	-3.86435E+0																	
3.69783E+1	3.32863E+1	-3.95843E+0																	
3.73450E+1	3.32135E+1	-4.05511E+0																	
3.77089E+1	3.31312E+1	-4.15159E+0																	
3.80753E+1	3.30601E+1	-4.24480E+0																	
3.84430E+1	3.29977E+1	-4.33145E+0																	
3.88085E+1	3.29312E+1	-4.40809E+0																	
3.91699E+1	3.28488E+1	-4.47127E+0																	
3.95268E+1	3.27426E+1	-4.51844E+0																	
3.98781E+1	3.26087E+1	-4.54800E+0																	
4.02214E+1	3.24473E+1	-4.55965E+0																	
4.05577E+1	3.22695E+1	-4.55414E+0																	
4.08898E+1	3.20866E+1	-4.53445E+0																	
4.12207E+1	3.19048E+1	-4.50442E+0																	
4.15523E+1	3.17289E+1	-4.46591E+0																	
4.18840E+1	3.15633E+1	-4.42279E+0																	
4.22097E+1	3.14092E+1	-4.37707E+0																	
4.25191E+1	3.12643E+1	-4.32947E+0																	
																			
3.58348E+1	3.32551E+1	-3.68157E+0																	
3.62150E+1	3.33110E+1	-3.78107E+0																	
3.65959E+1	3.33450E+1	-3.88395E+0																	
3.69734E+1	3.33381E+1	-3.99257E+0																	
3.73427E+1	3.32960E+1	-4.10586E+0																	
3.77089E+1	3.32466E+1	-4.22078E+0																	
3.80763E+1	3.32086E+1	-4.33331E+0																	
3.84443E+1	3.31806E+1	-4.43906E+0																	
3.88110E+1	3.31517E+1	-4.53370E+0																	
3.91756E+1	3.31100E+1	-4.61322E+0																	
3.95384E+1	3.30460E+1	-4.67480E+0																	
3.98981E+1	3.29523E+1	-4.71701E+0																	
4.02514E+1	3.28247E+1	-4.74015E+0																	
4.05979E+1	3.26732E+1	-4.74443E+0																	
4.09402E+1	3.25116E+1	-4.73299E+0																	
4.12806E+1	3.23475E+1	-4.71043E+0																	
4.16192E+1	3.21872E+1	-4.67740E+0																	
4.19537E+1	3.20367E+1	-4.64104E+0																	
4.22757E+1	3.18957E+1	-4.60089E+0																	
4.25722E+1	3.17634E+1	-4.55687E+0																	
																			
3.58351E+1	3.32520E+1	-3.67604E+0																	
3.62117E+1	3.33189E+1	-3.78568E+0																	
3.65894E+1	3.33674E+1	-3.89930E+0																	
3.69653E+1	3.33819E+1	-4.02002E+0																	
3.73350E+1	3.33686E+1	-4.14747E+0																	
3.77011E+1	3.33512E+1	-4.27843E+0																	
3.80666E+1	3.33454E+1	-4.40796E+0																	
3.84320E+1	3.33510E+1	-4.53064E+0																	
3.87968E+1	3.33589E+1	-4.64130E+0																	
3.91620E+1	3.33576E+1	-4.73541E+0																	
3.95282E+1	3.33365E+1	-4.80998E+0																	
3.98945E+1	3.32848E+1	-4.86384E+0																	
4.02564E+1	3.31942E+1	-4.89803E+0																	
4.06124E+1	3.30734E+1	-4.91242E+0																	
4.09648E+1	3.29385E+1	-4.91030E+0																	
4.13149E+1	3.27983E+1	-4.89695E+0																	
4.16610E+1	3.26603E+1	-4.87166E+0																	
4.19979E+1	3.25314E+1	-4.84445E+0																	
4.23153E+1	3.24095E+1	-4.81292E+0																	
4.25975E+1	3.22961E+1	-4.77670E+0																	
																			
3.58357E+1	3.32495E+1	-3.67124E+0																	
3.62085E+1	3.33246E+1	-3.78895E+0																	
3.65825E+1	3.33845E+1	-3.91109E+0																	
3.69558E+1	3.34172E+1	-4.04152E+0																	
3.73244E+1	3.34296E+1	-4.18049E+0																	
3.76888E+1	3.34416E+1	-4.32471E+0																	
3.80505E+1	3.34660E+1	-4.46842E+0																	
3.84110E+1	3.35031E+1	-4.60528E+0																	
3.87719E+1	3.35455E+1	-4.72936E+0																	
3.91355E+1	3.35822E+1	-4.83563E+0																	
3.95029E+1	3.36016E+1	-4.92094E+0																	
3.98733E+1	3.35912E+1	-4.98441E+0																	
4.02415E+1	3.35391E+1	-5.02773E+0																	
4.06050E+1	3.34528E+1	-5.05083E+0																	
4.09654E+1	3.33494E+1	-5.05705E+0																	
4.13233E+1	3.32382E+1	-5.05229E+0																	
4.16751E+1	3.31268E+1	-5.03463E+0																	
4.20125E+1	3.30222E+1	-5.01602E+0																	
4.23231E+1	3.29212E+1	-4.99370E+0																	
4.25898E+1	3.28284E+1	-4.96793E+0																	
																			
3.58364E+1	3.32476E+1	-3.66766E+0																	
3.62058E+1	3.33283E+1	-3.79148E+0																	
3.65764E+1	3.33965E+1	-3.92006E+0																	
3.69468E+1	3.34437E+1	-4.05777E+0																	
3.73134E+1	3.34773E+1	-4.20546E+0																	
3.76749E+1	3.35146E+1	-4.35979E+0																	
3.80318E+1	3.35659E+1	-4.51436E+0																	
3.83865E+1	3.36314E+1	-4.66208E+0																	
3.87422E+1	3.37043E+1	-4.79637E+0																	
3.91025E+1	3.37739E+1	-4.91169E+0																	
3.94690E+1	3.38289E+1	-5.00467E+0																	
3.98407E+1	3.38562E+1	-5.07463E+0																	
4.02119E+1	3.38426E+1	-5.12369E+0																	
4.05793E+1	3.37938E+1	-5.15234E+0																	
4.09439E+1	3.37262E+1	-5.16391E+0																	
4.13055E+1	3.36481E+1	-5.16472E+0																	
4.16591E+1	3.35655E+1	-5.15227E+0																	
4.19931E+1	3.34840E+1	-5.13876E+0																	
4.22937E+1	3.34015E+1	-5.12379E+0																	
4.25438E+1	3.33265E+1	-5.10958E+0																	
																			
3.58373E+1	3.32464E+1	-3.66561E+0																	
3.62040E+1	3.33302E+1	-3.79378E+0																	
3.65720E+1	3.34038E+1	-3.92686E+0																	
3.69399E+1	3.34613E+1	-4.06953E+0																	
3.73041E+1	3.35107E+1	-4.22309E+0																	
3.76622E+1	3.35681E+1	-4.38421E+0																	
3.80140E+1	3.36423E+1	-4.54604E+0																	
3.83625E+1	3.37323E+1	-4.70096E+0																	
3.87124E+1	3.38306E+1	-4.84189E+0																	
3.90682E+1	3.39266E+1	-4.96274E+0																	
3.94317E+1	3.40100E+1	-5.05984E+0																	
3.98015E+1	3.40695E+1	-5.13253E+0																	
4.01718E+1	3.40929E+1	-5.18300E+0																	
4.05386E+1	3.40839E+1	-5.21289E+0																	
4.09021E+1	3.40557E+1	-5.22539E+0																	
4.12615E+1	3.40136E+1	-5.22709E+0																	
4.16115E+1	3.39602E+1	-5.21572E+0																	
4.19368E+1	3.38981E+1	-5.20171E+0																	
4.22234E+1	3.38285E+1	-5.19041E+0																	
4.24561E+1	3.37654E+1	-5.18755E+0																	
																			
3.58382E+1	3.32458E+1	-3.66489E+0																	
3.62032E+1	3.33308E+1	-3.79596E+0																	
3.65694E+1	3.34073E+1	-3.93196E+0																	
3.69351E+1	3.34716E+1	-4.07770E+0																	
3.72967E+1	3.35322E+1	-4.23477E+0																	
3.76512E+1	3.36054E+1	-4.39996E+0																	
3.79974E+1	3.36992E+1	-4.56607E+0																	
3.83391E+1	3.38105E+1	-4.72514E+0																	
3.86824E+1	3.39301E+1	-4.86976E+0																	
3.90324E+1	3.40472E+1	-4.99335E+0																	
3.93907E+1	3.41534E+1	-5.09191E+0																	
3.97556E+1	3.42401E+1	-5.16459E+0																	
4.01214E+1	3.42986E+1	-5.21336E+0																	
4.04836E+1	3.43301E+1	-5.24131E+0																	
4.08413E+1	3.43433E+1	-5.25145E+0																	
4.11933E+1	3.43393E+1	-5.25041E+0																	
4.15345E+1	3.43157E+1	-5.23688E+0																	
4.18464E+1	3.42710E+1	-5.21817E+0																	
4.21157E+1	3.42110E+1	-5.20741E+0																	
4.23303E+1	3.41555E+1	-5.21544E+0																	
																			
3.58391E+1	3.32455E+1	-3.66513E+0																	
3.62032E+1	3.33302E+1	-3.79803E+0																	
3.65683E+1	3.34080E+1	-3.93577E+0																	
3.69324E+1	3.34764E+1	-4.08317E+0																	
3.72914E+1	3.35450E+1	-4.24208E+0																	
3.76418E+1	3.36312E+1	-4.40936E+0																	
3.79819E+1	3.37424E+1	-4.57761E+0																	
3.83158E+1	3.38728E+1	-4.73864E+0																	
3.86511E+1	3.40111E+1	-4.88489E+0																	
3.89935E+1	3.41462E+1	-5.00948E+0																	
3.93444E+1	3.42714E+1	-5.10802E+0																	
3.97017E+1	3.43820E+1	-5.17938E+0																	
4.00601E+1	3.44732E+1	-5.22512E+0																	
4.04144E+1	3.45446E+1	-5.24965E+0																	
4.07628E+1	3.45994E+1	-5.25586E+0																	
4.11032E+1	3.46344E+1	-5.25025E+0																	
4.14313E+1	3.46419E+1	-5.23284E+0																	
4.17260E+1	3.46156E+1	-5.20747E+0																	
4.19756E+1	3.45656E+1	-5.19529E+0																	
4.21722E+1	3.45163E+1	-5.21376E+0																	
																			
3.58399E+1	3.32453E+1	-3.66598E+0																	
3.62040E+1	3.33291E+1	-3.80001E+0																	
3.65687E+1	3.34069E+1	-3.93871E+0																	
3.69315E+1	3.34778E+1	-4.08689E+0																	
3.72881E+1	3.35526E+1	-4.24658E+0																	
3.76340E+1	3.36501E+1	-4.41478E+0																	
3.79671E+1	3.37774E+1	-4.58387E+0																	
3.82918E+1	3.39261E+1	-4.74552E+0																	
3.86172E+1	3.40821E+1	-4.89222E+0																	
3.89499E+1	3.42339E+1	-5.01706E+0																	
3.92912E+1	3.43766E+1	-5.11532E+0																	
3.96386E+1	3.45090E+1	-5.18551E+0																	
3.99872E+1	3.46304E+1	-5.22861E+0																	
4.03312E+1	3.47393E+1	-5.24999E+0																	
4.06677E+1	3.48343E+1	-5.25244E+0																	
4.09936E+1	3.49081E+1	-5.24215E+0																	
4.13051E+1	3.49490E+1	-5.22069E+0																	
4.15796E+1	3.49449E+1	-5.18896E+0																	
4.18082E+1	3.49089E+1	-5.17456E+0																	
4.19871E+1	3.48671E+1	-5.20304E+0																	
																			
3.58405E+1	3.32450E+1	-3.66708E+0																	
3.62056E+1	3.33276E+1	-3.80190E+0																	
3.65703E+1	3.34050E+1	-3.94120E+0																	
3.69323E+1	3.34777E+1	-4.08975E+0																	
3.72867E+1	3.35582E+1	-4.24984E+0																	
3.76278E+1	3.36668E+1	-4.41854E+0																	
3.79527E+1	3.38101E+1	-4.58802E+0																	
3.82663E+1	3.39771E+1	-4.74980E+0																	
3.85795E+1	3.41513E+1	-4.89664E+0																	
3.89000E+1	3.43207E+1	-5.02202E+0																	
3.92294E+1	3.44814E+1	-5.12097E+0																	
3.95650E+1	3.46349E+1	-5.19155E+0																	
3.99020E+1	3.47839E+1	-5.23419E+0																	
4.02342E+1	3.49263E+1	-5.25439E+0																	
4.05573E+1	3.50581E+1	-5.25498E+0																	
4.08669E+1	3.51698E+1	-5.24169E+0																	
4.11590E+1	3.52468E+1	-5.21754E+0																	
4.14114E+1	3.52718E+1	-5.18197E+0																	
4.16188E+1	3.52574E+1	-5.16571E+0																	
4.17807E+1	3.52272E+1	-5.20378E+0																	
																			
3.58409E+1	3.32445E+1	-3.66811E+0																	
3.62077E+1	3.33258E+1	-3.80357E+0																	
3.65728E+1	3.34025E+1	-3.94332E+0																	
3.69344E+1	3.34767E+1	-4.09216E+0																	
3.72871E+1	3.35633E+1	-4.25269E+0																	
3.76232E+1	3.36836E+1	-4.42204E+0																	
3.79386E+1	3.38436E+1	-4.59210E+0																	
3.82390E+1	3.40298E+1	-4.75420E+0																	
3.85373E+1	3.42238E+1	-4.90158E+0																	
3.88429E+1	3.44132E+1	-5.02861E+0																	
3.91580E+1	3.45941E+1	-5.13018E+0																	
3.94800E+1	3.47690E+1	-5.20389E+0																	
3.98040E+1	3.49427E+1	-5.24969E+0																	
4.01234E+1	3.51135E+1	-5.27216E+0																	
4.04325E+1	3.52774E+1	-5.27436E+0																	
4.07250E+1	3.54249E+1	-5.26140E+0																	
4.09959E+1	3.55411E+1	-5.23743E+0																	
4.12251E+1	3.56036E+1	-5.20258E+0																	
4.14120E+1	3.56208E+1	-5.18610E+0																	
4.15581E+1	3.56085E+1	-5.23350E+0																	
																			
3.58410E+1	3.32441E+1	-3.66884E+0																	
3.62099E+1	3.33222E+1	-3.80426E+0																	
3.65757E+1	3.33963E+1	-3.94381E+0																	
3.69373E+1	3.34707E+1	-4.09241E+0																	
3.72888E+1	3.35625E+1	-4.25301E+0																	
3.76201E+1	3.36943E+1	-4.42287E+0																	
3.79255E+1	3.38709E+1	-4.59355E+0																	
3.82111E+1	3.40766E+1	-4.75613E+0																	
3.84920E+1	3.42916E+1	-4.90448E+0																	
3.87801E+1	3.45028E+1	-5.03430E+0																	
3.90783E+1	3.47055E+1	-5.14045E+0																	
3.93844E+1	3.49021E+1	-5.22013E+0																	
3.96935E+1	3.50979E+1	-5.27288E+0																	
3.99988E+1	3.52924E+1	-5.30168E+0																	
4.02930E+1	3.54839E+1	-5.30984E+0																	
4.05680E+1	3.56643E+1	-5.30175E+0																	
4.08169E+1	3.58204E+1	-5.28229E+0																	
4.10233E+1	3.59259E+1	-5.25377E+0																	
4.11911E+1	3.59818E+1	-5.24045E+0																	
4.13231E+1	3.59928E+1	-5.29770E+0																	
																			
3.58411E+1	3.32442E+1	-3.66908E+0																	
3.62114E+1	3.33148E+1	-3.80306E+0																	
3.65781E+1	3.33827E+1	-3.94110E+0																	
3.69402E+1	3.34540E+1	-4.08828E+0																	
3.72912E+1	3.35486E+1	-4.24795E+0																	
3.76184E+1	3.36901E+1	-4.41766E+0																	
3.79139E+1	3.38824E+1	-4.58866E+0																	
3.81839E+1	3.41072E+1	-4.75168E+0																	
3.84457E+1	3.43435E+1	-4.90126E+0																	
3.87137E+1	3.45770E+1	-5.03485E+0																	
3.89920E+1	3.48022E+1	-5.14735E+0																	
3.92794E+1	3.50203E+1	-5.23566E+0																	
3.95711E+1	3.52360E+1	-5.29905E+0																	
3.98603E+1	3.54506E+1	-5.33856E+0																	
4.01384E+1	3.56654E+1	-5.35775E+0																	
4.03955E+1	3.58750E+1	-5.36019E+0																	
4.06227E+1	3.60690E+1	-5.35101E+0																	
4.08080E+1	3.62184E+1	-5.33526E+0																	
4.09590E+1	3.63164E+1	-5.33032E+0																	
4.10792E+1	3.63542E+1	-5.39886E+0																	
																			
3.58412E+1	3.32453E+1	-3.66862E+0																	
3.62118E+1	3.33017E+1	-3.79906E+0																	
3.65793E+1	3.33577E+1	-3.93361E+0																	
3.69423E+1	3.34213E+1	-4.07752E+0																	
3.72937E+1	3.35145E+1	-4.23466E+0																	
3.76182E+1	3.36625E+1	-4.40304E+0																	
3.79047E+1	3.38686E+1	-4.57372E+0																	
3.81590E+1	3.41114E+1	-4.73694E+0																	
3.84005E+1	3.43679E+1	-4.88785E+0																	
3.86460E+1	3.46234E+1	-5.02602E+0																	
3.89012E+1	3.48708E+1	-5.14643E+0																	
3.91662E+1	3.51096E+1	-5.24587E+0																	
3.94372E+1	3.53437E+1	-5.32346E+0																	
3.97077E+1	3.55757E+1	-5.37844E+0																	
3.99682E+1	3.58099E+1	-5.41442E+0																	
4.02072E+1	3.60440E+1	-5.43418E+0																	
4.04142E+1	3.62712E+1	-5.44246E+0																	
4.05813E+1	3.64613E+1	-5.44676E+0																	
4.07186E+1	3.66004E+1	-5.45730E+0																	
4.08296E+1	3.66668E+1	-5.53948E+0																	
																			
3.58413E+1	3.32479E+1	-3.66726E+0																	
3.62104E+1	3.32810E+1	-3.79136E+0																	
3.65786E+1	3.33174E+1	-3.91975E+0																	
3.69430E+1	3.33671E+1	-4.05792E+0																	
3.72957E+1	3.34531E+1	-4.21028E+0																	
3.76194E+1	3.36030E+1	-4.37565E+0																	
3.78986E+1	3.38199E+1	-4.54502E+0																	
3.81379E+1	3.40786E+1	-4.70800E+0																	
3.83583E+1	3.43538E+1	-4.86020E+0																	
3.85791E+1	3.46296E+1	-5.00360E+0																	
3.88075E+1	3.48978E+1	-5.13327E+0																	
3.90461E+1	3.51562E+1	-5.24616E+0																	
3.92924E+1	3.54075E+1	-5.34137E+0																	
3.95408E+1	3.56550E+1	-5.41695E+0																	
3.97818E+1	3.59052E+1	-5.47620E+0																	
4.00027E+1	3.61584E+1	-5.52117E+0																	
4.01919E+1	3.64111E+1	-5.55553E+0																	
4.03454E+1	3.66343E+1	-5.58798E+0																	
4.04728E+1	3.68098E+1	-5.62295E+0																	
4.05779E+1	3.69050E+1	-5.72205E+0																	
																			
3.58416E+1	3.32522E+1	-3.66494E+0																	
3.62067E+1	3.32516E+1	-3.77919E+0																	
3.65751E+1	3.32596E+1	-3.89820E+0																	
3.69411E+1	3.32879E+1	-4.02768E+0																	
3.72961E+1	3.33598E+1	-4.17265E+0																	
3.76213E+1	3.35059E+1	-4.33303E+0																	
3.78957E+1	3.37299E+1	-4.49992E+0																	
3.81215E+1	3.40016E+1	-4.66213E+0																	
3.83210E+1	3.42927E+1	-4.81552E+0																	
3.85154E+1	3.45862E+1	-4.96464E+0																	
3.87137E+1	3.48729E+1	-5.10464E+0																	
3.89215E+1	3.51494E+1	-5.23291E+0																	
3.91389E+1	3.54170E+1	-5.34868E+0																	
3.93616E+1	3.56791E+1	-5.44967E+0																	
3.95808E+1	3.59424E+1	-5.53851E+0																	
3.97836E+1	3.62089E+1	-5.61660E+0																	
3.99583E+1	3.64777E+1	-5.68587E+0																	
4.01033E+1	3.67234E+1	-5.75431E+0																	
4.02249E+1	3.69275E+1	-5.82314E+0																	
4.03275E+1	3.70501E+1	-5.94272E+0																	
																			
3.58422E+1	3.32579E+1	-3.66213E+0																	
3.62007E+1	3.32160E+1	-3.76240E+0																	
3.65672E+1	3.31883E+1	-3.86865E+0																	
3.69341E+1	3.31884E+1	-3.98678E+0																	
3.72921E+1	3.32403E+1	-4.12236E+0																	
3.76209E+1	3.33775E+1	-4.27637E+0																	
3.78933E+1	3.36041E+1	-4.44008E+0																	
3.81086E+1	3.38848E+1	-4.60141E+0																	
3.82893E+1	3.41880E+1	-4.75619E+0																	
3.84581E+1	3.44959E+1	-4.91139E+0																	
3.86253E+1	3.47984E+1	-5.06214E+0																	
3.88002E+1	3.50912E+1	-5.20646E+0																	
3.89858E+1	3.53744E+1	-5.34374E+0																	
3.91798E+1	3.56504E+1	-5.47208E+0																	
3.93752E+1	3.59248E+1	-5.59317E+0																	
3.95596E+1	3.62006E+1	-5.70793E+0																	
3.97217E+1	3.64784E+1	-5.81617E+0																	
3.98618E+1	3.67383E+1	-5.92380E+0																	
3.99802E+1	3.69643E+1	-6.03093E+0																	
4.00819E+1	3.71124E+1	-6.17230E+0																	
																			
3.58434E+1	3.32644E+1	-3.65942E+0																	
3.61925E+1	3.31776E+1	-3.74099E+0																	
3.65532E+1	3.31089E+1	-3.83107E+0																	
3.69189E+1	3.30755E+1	-3.93564E+0																	
3.72803E+1	3.31031E+1	-4.06067E+0																	
3.76145E+1	3.32271E+1	-4.20776E+0																	
3.78882E+1	3.34512E+1	-4.36822E+0																	
3.80973E+1	3.37355E+1	-4.52907E+0																	
3.82639E+1	3.40461E+1	-4.68590E+0																	
3.84106E+1	3.43644E+1	-4.84738E+0																	
3.85489E+1	3.46798E+1	-5.00861E+0																	
3.86911E+1	3.49869E+1	-5.16814E+0																	
3.88438E+1	3.52848E+1	-5.32553E+0																	
3.90072E+1	3.55742E+1	-5.47960E+0																	
3.91769E+1	3.58590E+1	-5.63108E+0																	
3.93420E+1	3.61422E+1	-5.78059E+0																	
3.94923E+1	3.64254E+1	-5.92586E+0																	
3.96285E+1	3.66947E+1	-6.07016E+0																	
3.97447E+1	3.69379E+1	-6.21370E+0																	
3.98450E+1	3.71096E+1	-6.37525E+0																	
																			
3.58454E+1	3.32712E+1	-3.65741E+0																	
3.61822E+1	3.31399E+1	-3.71494E+0																	
3.65315E+1	3.30270E+1	-3.78540E+0																	
3.68925E+1	3.29559E+1	-3.87469E+0																	
3.72574E+1	3.29564E+1	-3.98885E+0																	
3.75984E+1	3.30640E+1	-4.12930E+0																	
3.78770E+1	3.32799E+1	-4.28705E+0																	
3.80860E+1	3.35614E+1	-4.44839E+0																	
3.82454E+1	3.38733E+1	-4.60832E+0																	
3.83765E+1	3.41974E+1	-4.77617E+0																	
3.84909E+1	3.45224E+1	-4.94687E+0																	
3.86032E+1	3.48418E+1	-5.11928E+0																	
3.87236E+1	3.51533E+1	-5.29302E+0																	
3.88556E+1	3.54561E+1	-5.46767E+0																	
3.89980E+1	3.57514E+1	-5.64316E+0																	
3.91424E+1	3.60424E+1	-5.82004E+0																	
3.92801E+1	3.63308E+1	-5.99439E+0																	
3.94110E+1	3.66081E+1	-6.16711E+0																	
3.95240E+1	3.68663E+1	-6.33880E+0																	
3.96203E+1	3.70592E+1	-6.51603E+0																	
																			
3.58483E+1	3.32778E+1	-3.65671E+0																	
3.61700E+1	3.31061E+1	-3.68426E+0																	
3.65002E+1	3.29481E+1	-3.73159E+0																	
3.68519E+1	3.28364E+1	-3.80435E+0																	
3.72200E+1	3.28088E+1	-3.90818E+0																	
3.75690E+1	3.28975E+1	-4.04308E+0																	
3.78566E+1	3.30989E+1	-4.19930E+0																	
3.80728E+1	3.33697E+1	-4.36260E+0																	
3.82343E+1	3.36761E+1	-4.52712E+0																	
3.83592E+1	3.40006E+1	-4.70129E+0																	
3.84577E+1	3.43316E+1	-4.87974E+0																	
3.85455E+1	3.46612E+1	-5.06121E+0																	
3.86360E+1	3.49851E+1	-5.24518E+0																	
3.87367E+1	3.53012E+1	-5.43171E+0																	
3.88506E+1	3.56087E+1	-5.62031E+0																	
3.89724E+1	3.59100E+1	-5.81170E+0																	
3.90951E+1	3.62067E+1	-6.00120E+0																	
3.92170E+1	3.64942E+1	-6.18837E+0																	
3.93240E+1	3.67671E+1	-6.37362E+0																	
3.94116E+1	3.69789E+1	-6.55911E+0																	
																			
3.58523E+1	3.32838E+1	-3.65779E+0																	
3.61560E+1	3.30790E+1	-3.64944E+0																	
3.64585E+1	3.28769E+1	-3.67037E+0																	
3.67952E+1	3.27231E+1	-3.72571E+0																	
3.71657E+1	3.26675E+1	-3.82025E+0																	
3.75233E+1	3.27356E+1	-3.95112E+0																	
3.78240E+1	3.29160E+1	-4.10726E+0																	
3.80556E+1	3.31676E+1	-4.27421E+0																	
3.82299E+1	3.34609E+1	-4.44494E+0																	
3.83599E+1	3.37802E+1	-4.62521E+0																	
3.84527E+1	3.41135E+1	-4.80921E+0																	
3.85234E+1	3.44509E+1	-4.99498E+0																	
3.85880E+1	3.47859E+1	-5.18164E+0																	
3.86587E+1	3.51153E+1	-5.36916E+0																	
3.87432E+1	3.54369E+1	-5.55716E+0																	
3.88403E+1	3.57525E+1	-5.74681E+0																	
3.89446E+1	3.60627E+1	-5.93377E+0																	
3.90519E+1	3.63650E+1	-6.11787E+0																	
3.91488E+1	3.66537E+1	-6.29807E+0																	
3.92214E+1	3.68815E+1	-6.48255E+0																	
																			
3.58571E+1	3.32890E+1	-3.66066E+0																	
3.61403E+1	3.30581E+1	-3.61299E+0																	
3.64085E+1	3.28150E+1	-3.60549E+0																	
3.67249E+1	3.26195E+1	-3.64258E+0																	
3.70956E+1	3.25362E+1	-3.72795E+0																	
3.74613E+1	3.25817E+1	-3.85516E+0																	
3.77776E+1	3.27354E+1	-4.01152E+0																	
3.80308E+1	3.29612E+1	-4.18266E+0																	
3.82264E+1	3.32353E+1	-4.36025E+0																	
3.83707E+1	3.35446E+1	-4.54613E+0																	
3.84670E+1	3.38766E+1	-4.73391E+0																	
3.85281E+1	3.42191E+1	-4.92055E+0																	
3.85719E+1	3.45632E+1	-5.10458E+0																	
3.86152E+1	3.49048E+1	-5.28545E+0																	
3.86708E+1	3.52409E+1	-5.46324E+0																	
3.87420E+1	3.55723E+1	-5.63970E+0																	
3.88248E+1	3.58989E+1	-5.81168E+0																	
3.89127E+1	3.62179E+1	-5.98044E+0																	
3.89954E+1	3.65215E+1	-6.14233E+0																	
3.90482E+1	3.67615E+1	-6.31878E+0																	
																			
3.58625E+1	3.32934E+1	-3.66522E+0																	
3.61231E+1	3.30423E+1	-3.57792E+0																	
3.63532E+1	3.27628E+1	-3.54149E+0																	
3.66443E+1	3.25282E+1	-3.55942E+0																	
3.70115E+1	3.24172E+1	-3.63448E+0																	
3.73836E+1	3.24378E+1	-3.75683E+0																	
3.77162E+1	3.25609E+1	-3.91222E+0																	
3.79944E+1	3.27562E+1	-4.08663E+0																	
3.82166E+1	3.30070E+1	-4.27048E+0																	
3.83818E+1	3.33024E+1	-4.46117E+0																	
3.84887E+1	3.36299E+1	-4.65165E+0																	
3.85473E+1	3.39747E+1	-4.83760E+0																	
3.85760E+1	3.43252E+1	-5.01684E+0																	
3.85961E+1	3.46764E+1	-5.18801E+0																	
3.86249E+1	3.50249E+1	-5.35178E+0																	
3.86701E+1	3.53708E+1	-5.51047E+0																	
3.87295E+1	3.57127E+1	-5.66254E+0																	
3.87942E+1	3.60467E+1	-5.81114E+0																	
3.88592E+1	3.63613E+1	-5.94912E+0																	
3.88891E+1	3.66086E+1	-6.11382E+0																	
																			
3.58679E+1	3.32971E+1	-3.67136E+0																	
3.61047E+1	3.30305E+1	-3.54724E+0																	
3.62955E+1	3.27211E+1	-3.48288E+0																	
3.65571E+1	3.24520E+1	-3.48070E+0																	
3.69154E+1	3.23130E+1	-3.54306E+0																	
3.72907E+1	3.23060E+1	-3.65779E+0																	
3.76388E+1	3.23957E+1	-3.80952E+0																	
3.79425E+1	3.25584E+1	-3.98480E+0																	
3.81933E+1	3.27836E+1	-4.17307E+0																	
3.83830E+1	3.30626E+1	-4.36745E+0																	
3.85060E+1	3.33825E+1	-4.56023E+0																	
3.85685E+1	3.37263E+1	-4.74581E+0																	
3.85889E+1	3.40797E+1	-4.92124E+0																	
3.85915E+1	3.44367E+1	-5.08427E+0																	
3.85971E+1	3.47935E+1	-5.23604E+0																	
3.86174E+1	3.51492E+1	-5.37925E+0																	
3.86521E+1	3.55017E+1	-5.51398E+0																	
3.86911E+1	3.58451E+1	-5.64501E+0																	
3.87355E+1	3.61639E+1	-5.76119E+0																	
3.87415E+1	3.64126E+1	-5.91372E+0																	
																			
3.58732E+1	3.32999E+1	-3.67896E+0																	
3.60850E+1	3.30215E+1	-3.52395E+0																	
3.62382E+1	3.26905E+1	-3.43420E+0																	
3.64666E+1	3.23937E+1	-3.41091E+0																	
3.68091E+1	3.22263E+1	-3.45689E+0																	
3.71833E+1	3.21885E+1	-3.55969E+0																	
3.75441E+1	3.22435E+1	-3.70356E+0																	
3.78711E+1	3.23736E+1	-3.87587E+0																	
3.81492E+1	3.25728E+1	-4.06545E+0																	
3.83643E+1	3.28340E+1	-4.26209E+0																	
3.85068E+1	3.31436E+1	-4.45746E+0																	
3.85794E+1	3.34827E+1	-4.64487E+0																	
3.85991E+1	3.38349E+1	-4.82062E+0																	
3.85913E+1	3.41925E+1	-4.98166E+0																	
3.85789E+1	3.45510E+1	-5.12924E+0																	
3.85765E+1	3.49088E+1	-5.26615E+0																	
3.85863E+1	3.52633E+1	-5.39361E+0																	
3.85983E+1	3.56068E+1	-5.51712E+0																	
3.86197E+1	3.59203E+1	-5.62125E+0																	
3.86026E+1	3.61631E+1	-5.76449E+0																	
																			
3.58780E+1	3.33019E+1	-3.68777E+0																	
3.60643E+1	3.30144E+1	-3.51001E+0																	
3.61837E+1	3.26712E+1	-3.39849E+0																	
3.63759E+1	3.23550E+1	-3.35312E+0																	
3.66948E+1	3.21587E+1	-3.37826E+0																	
3.70625E+1	3.20868E+1	-3.46375E+0																	
3.74316E+1	3.21070E+1	-3.59449E+0																	
3.77773E+1	3.22060E+1	-3.75883E+0																	
3.80789E+1	3.23802E+1	-3.94560E+0																	
3.83178E+1	3.26227E+1	-4.14270E+0																	
3.84817E+1	3.29193E+1	-4.34126E+0																	
3.85700E+1	3.32499E+1	-4.53388E+0																	
3.85972E+1	3.35962E+1	-4.71620E+0																	
3.85873E+1	3.39483E+1	-4.88455E+0																	
3.85634E+1	3.43006E+1	-5.03979E+0																	
3.85418E+1	3.46509E+1	-5.18434E+0																	
3.85275E+1	3.49966E+1	-5.31984E+0																	
3.85125E+1	3.53286E+1	-5.45105E+0																	
3.85095E+1	3.56258E+1	-5.55838E+0																	
3.84719E+1	3.58554E+1	-5.69766E+0																	
																			
3.58825E+1	3.33032E+1	-3.69692E+0																	
3.60424E+1	3.30094E+1	-3.50311E+0																	
3.61317E+1	3.26620E+1	-3.37285E+0																	
3.62860E+1	3.23338E+1	-3.30490E+0																	
3.65751E+1	3.21090E+1	-3.30573E+0																	
3.69310E+1	3.20009E+1	-3.36945E+0																	
3.73035E+1	3.19858E+1	-3.48237E+0																	
3.76626E+1	3.20542E+1	-3.63399E+0																	
3.79832E+1	3.22029E+1	-3.81367E+0																	
3.82441E+1	3.24245E+1	-4.00879E+0																	
3.84308E+1	3.27047E+1	-4.21007E+0																	
3.85400E+1	3.30226E+1	-4.40969E+0																	
3.85822E+1	3.33586E+1	-4.60272E+0																	
3.85786E+1	3.37004E+1	-4.78506E+0																	
3.85503E+1	3.40407E+1	-4.95669E+0																	
3.85143E+1	3.43767E+1	-5.11929E+0																	
3.84787E+1	3.47061E+1	-5.27427E+0																	
3.84391E+1	3.50192E+1	-5.42458E+0																	
3.84122E+1	3.52936E+1	-5.54697E+0																	
3.83579E+1	3.55061E+1	-5.68678E+0																	
																			
3.58866E+1	3.33039E+1	-3.70538E+0																	
3.60191E+1	3.30066E+1	-3.49988E+0																	
3.60810E+1	3.26613E+1	-3.35292E+0																	
3.61977E+1	3.23269E+1	-3.26239E+0																	
3.64528E+1	3.20751E+1	-3.23693E+0																	
3.67923E+1	3.19299E+1	-3.27585E+0																	
3.71626E+1	3.18789E+1	-3.36726E+0																	
3.75293E+1	3.19153E+1	-3.50196E+0																	
3.78647E+1	3.20356E+1	-3.67037E+0																	
3.81458E+1	3.22326E+1	-3.86038E+0																	
3.83566E+1	3.24918E+1	-4.06243E+0																	
3.84912E+1	3.27925E+1	-4.26857E+0																	
3.85556E+1	3.31144E+1	-4.47331E+0																	
3.85660E+1	3.34428E+1	-4.67223E+0																	
3.85410E+1	3.37684E+1	-4.86407E+0																	
3.84969E+1	3.40875E+1	-5.04953E+0																	
3.84449E+1	3.43982E+1	-5.22928E+0																	
3.83852E+1	3.46902E+1	-5.40401E+0																	
3.83377E+1	3.49414E+1	-5.54776E+0																	
3.82711E+1	3.51376E+1	-5.69085E+0																	
																			
3.58907E+1	3.33041E+1	-3.71212E+0																	
3.59942E+1	3.30064E+1	-3.49697E+0																	
3.60308E+1	3.26673E+1	-3.33430E+0																	
3.61113E+1	3.23312E+1	-3.22177E+0																	
3.63307E+1	3.20551E+1	-3.16951E+0																	
3.66496E+1	3.18734E+1	-3.18198E+0																	
3.70118E+1	3.17851E+1	-3.24921E+0																	
3.73801E+1	3.17862E+1	-3.36338E+0																	
3.77258E+1	3.18735E+1	-3.51639E+0																	
3.80255E+1	3.20402E+1	-3.69745E+0																	
3.82618E+1	3.22728E+1	-3.89691E+0																	
3.84258E+1	3.25516E+1	-4.10679E+0																	
3.85185E+1	3.28561E+1	-4.32112E+0																	
3.85506E+1	3.31696E+1	-4.53510E+0																	
3.85366E+1	3.34808E+1	-4.74610E+0																	
3.84921E+1	3.37846E+1	-4.95357E+0																	
3.84310E+1	3.40790E+1	-5.15729E+0																	
3.83582E+1	3.43535E+1	-5.35565E+0																	
3.82957E+1	3.45869E+1	-5.52149E+0																	
3.82222E+1	3.47719E+1	-5.66893E+0																	
																			
3.58947E+1	3.33039E+1	-3.71612E+0																	
3.59675E+1	3.30091E+1	-3.49101E+0																	
3.59801E+1	3.26785E+1	-3.31264E+0																	
3.60276E+1	3.23435E+1	-3.17920E+0																	
3.62116E+1	3.20468E+1	-3.10109E+0																	
3.65062E+1	3.18307E+1	-3.08690E+0																	
3.68539E+1	3.17035E+1	-3.12829E+0																	
3.72173E+1	3.16640E+1	-3.21885E+0																	
3.75692E+1	3.17112E+1	-3.35245E+0																	
3.78860E+1	3.18404E+1	-3.52002E+0																	
3.81488E+1	3.20398E+1	-3.71206E+0																	
3.83456E+1	3.22915E+1	-3.92062E+0																	
3.84722E+1	3.25759E+1	-4.13928E+0																	
3.85331E+1	3.28749E+1	-4.36273E+0																	
3.85386E+1	3.31751E+1	-4.58691E+0																	
3.85028E+1	3.34693E+1	-4.80996E+0																	
3.84419E+1	3.37546E+1	-5.03067E+0																	
3.83654E+1	3.40207E+1	-5.24582E+0																	
3.82959E+1	3.42479E+1	-5.42888E+0																	
3.82218E+1	3.44312E+1	-5.58004E+0																	
																			
3.58987E+1	3.33034E+1	-3.71672E+0																	
3.59396E+1	3.30147E+1	-3.47976E+0																	
3.59293E+1	3.26932E+1	-3.28513E+0																	
3.59487E+1	3.23609E+1	-3.13247E+0																	
3.60999E+1	3.20482E+1	-3.03078E+0																	
3.63672E+1	3.18009E+1	-2.99100E+0																	
3.66940E+1	3.16331E+1	-3.00588E+0																	
3.70461E+1	3.15469E+1	-3.07047E+0																	
3.73999E+1	3.15459E+1	-3.18092E+0																	
3.77322E+1	3.16293E+1	-3.33011E+0																	
3.80221E+1	3.17884E+1	-3.50894E+0																	
3.82543E+1	3.20078E+1	-3.70947E+0																	
3.84192E+1	3.22696E+1	-3.92483E+0																	
3.85154E+1	3.25555E+1	-4.14908E+0																	
3.85487E+1	3.28500E+1	-4.37678E+0																	
3.85316E+1	3.31431E+1	-4.60472E+0																	
3.84819E+1	3.34299E+1	-4.83087E+0																	
3.84126E+1	3.37005E+1	-5.05141E+0																	
3.83462E+1	3.39369E+1	-5.24257E+0																	
3.82782E+1	3.41312E+1	-5.39546E+0																	
																			
3.59022E+1	3.33027E+1	-3.71473E+0																	
3.59139E+1	3.30223E+1	-3.46549E+0																	
3.58849E+1	3.27096E+1	-3.25530E+0																	
3.58833E+1	3.23809E+1	-3.08585E+0																	
3.60061E+1	3.20567E+1	-2.96352E+0																	
3.62453E+1	3.17821E+1	-2.90000E+0																	
3.65467E+1	3.15738E+1	-2.88872E+0																	
3.68821E+1	3.14376E+1	-2.92615E+0																	
3.72333E+1	3.13830E+1	-3.01092E+0																	
3.75783E+1	3.14147E+1	-3.13789E+0																	
3.78940E+1	3.15279E+1	-3.29864E+0																	
3.81616E+1	3.17103E+1	-3.48524E+0																	
3.83670E+1	3.19466E+1	-3.69052E+0																	
3.85029E+1	3.22192E+1	-3.90779E+0																	
3.85706E+1	3.25111E+1	-4.13043E+0																	
3.85811E+1	3.28087E+1	-4.35394E+0																	
3.85524E+1	3.31048E+1	-4.57554E+0																	
3.85003E+1	3.33893E+1	-4.79165E+0																	
3.84462E+1	3.36466E+1	-4.98276E+0																	
3.83906E+1	3.38614E+1	-5.13543E+0																	
																			
3.59045E+1	3.33021E+1	-3.71133E+0																	
3.58946E+1	3.30305E+1	-3.45158E+0																	
3.58548E+1	3.27260E+1	-3.22825E+0																	
3.58414E+1	3.24016E+1	-3.04523E+0																	
3.59425E+1	3.20697E+1	-2.90574E+0																	
3.61548E+1	3.17722E+1	-2.82098E+0																	
3.64286E+1	3.15258E+1	-2.78488E+0																	
3.67435E+1	3.13397E+1	-2.79529E+0																	
3.70876E+1	3.12301E+1	-2.85323E+0																	
3.74408E+1	3.12074E+1	-2.95556E+0																	
3.77785E+1	3.12710E+1	-3.09472E+0																	
3.80790E+1	3.14124E+1	-3.26297E+0																	
3.83243E+1	3.16196E+1	-3.45297E+0																	
3.85020E+1	3.18765E+1	-3.65744E+0																	
3.86088E+1	3.21651E+1	-3.86874E+0																	
3.86537E+1	3.24691E+1	-4.08119E+0																	
3.86540E+1	3.27777E+1	-4.29136E+0																	
3.86275E+1	3.30808E+1	-4.49634E+0																	
3.85939E+1	3.33643E+1	-4.68157E+0																	
3.85556E+1	3.36046E+1	-4.83244E+0																	
																			
3.59048E+1	3.33015E+1	-3.70769E+0																	
3.58861E+1	3.30380E+1	-3.44144E+0																	
3.58471E+1	3.27406E+1	-3.20910E+0																	
3.58333E+1	3.24205E+1	-3.01650E+0																	
3.59212E+1	3.20846E+1	-2.86385E+0																	
3.61101E+1	3.17691E+1	-2.76102E+0																	
3.63566E+1	3.14892E+1	-2.70244E+0																	
3.66484E+1	3.12572E+1	-2.68728E+0																	
3.69807E+1	3.10948E+1	-2.71866E+0																	
3.73361E+1	3.10179E+1	-2.79531E+0																	
3.76897E+1	3.10305E+1	-2.91078E+0																	
3.80180E+1	3.11278E+1	-3.05771E+0																	
3.82998E+1	3.13012E+1	-3.22885E+0																	
3.85188E+1	3.15377E+1	-3.41657E+0																	
3.86675E+1	3.18194E+1	-3.61255E+0																	
3.87518E+1	3.21272E+1	-3.81006E+0																	
3.87875E+1	3.24472E+1	-4.00503E+0																	
3.87931E+1	3.27685E+1	-4.19531E+0																	
3.87868E+1	3.30777E+1	-4.37108E+0																	
3.87700E+1	3.33439E+1	-4.51899E+0																	
																			
3.59026E+1	3.33013E+1	-3.70501E+0																	
3.58926E+1	3.30435E+1	-3.43845E+0																	
3.58696E+1	3.27517E+1	-3.20294E+0																	
3.58692E+1	3.24356E+1	-3.00555E+0																	
3.59543E+1	3.20987E+1	-2.84425E+0																	
3.61258E+1	3.17706E+1	-2.72717E+0																	
3.63474E+1	3.14642E+1	-2.64947E+0																	
3.66150E+1	3.11936E+1	-2.61150E+0																	
3.69307E+1	3.09846E+1	-2.61800E+0																	
3.72809E+1	3.08572E+1	-2.66934E+0																	
3.76419E+1	3.08192E+1	-2.76039E+0																	
3.79898E+1	3.08697E+1	-2.88448E+0																	
3.83022E+1	3.10043E+1	-3.03481E+0																	
3.85598E+1	3.12134E+1	-3.20376E+0																	
3.87510E+1	3.14808E+1	-3.38272E+0																	
3.88779E+1	3.17861E+1	-3.56413E+0																	
3.89536E+1	3.21120E+1	-3.74323E+0																	
3.89962E+1	3.24458E+1	-3.91835E+0																	
3.90228E+1	3.27741E+1	-4.08341E+0																	
3.90306E+1	3.30621E+1	-4.22756E+0																	
																			
3.58974E+1	3.33014E+1	-3.70417E+0																	
3.59166E+1	3.30464E+1	-3.44513E+0																	
3.59271E+1	3.27585E+1	-3.21354E+0																	
3.59548E+1	3.24458E+1	-3.01672E+0																	
3.60488E+1	3.21105E+1	-2.85165E+0																	
3.62104E+1	3.17755E+1	-2.72466E+0																	
3.64118E+1	3.14512E+1	-2.63202E+0																	
3.66557E+1	3.11523E+1	-2.57509E+0																	
3.69503E+1	3.09059E+1	-2.55958E+0																	
3.72871E+1	3.07340E+1	-2.58723E+0																	
3.76455E+1	3.06478E+1	-2.65436E+0																	
3.80031E+1	3.06498E+1	-2.75538E+0																	
3.83380E+1	3.07400E+1	-2.88431E+0																	
3.86292E+1	3.09133E+1	-3.03406E+0																	
3.88616E+1	3.11564E+1	-3.19615E+0																	
3.90324E+1	3.14494E+1	-3.36247E+0																	
3.91508E+1	3.17718E+1	-3.52746E+0																	
3.92336E+1	3.21084E+1	-3.68940E+0																	
3.92975E+1	3.24443E+1	-3.84430E+0																	
3.93323E+1	3.27461E+1	-3.98418E+0																	
																			
3.58898E+1	3.33017E+1	-3.70494E+0																	
3.59543E+1	3.30481E+1	-3.46047E+0																	
3.60116E+1	3.27637E+1	-3.23929E+0																	
3.60785E+1	3.24546E+1	-3.04806E+0																	
3.61908E+1	3.21231E+1	-2.88389E+0																	
3.63499E+1	3.17862E+1	-2.75132E+0																	
3.65365E+1	3.14519E+1	-2.64801E+0																	
3.67592E+1	3.11343E+1	-2.57618E+0																	
3.70310E+1	3.08595E+1	-2.54193E+0																	
3.73487E+1	3.06500E+1	-2.54803E+0																	
3.76966E+1	3.05189E+1	-2.59238E+0																	
3.80553E+1	3.04723E+1	-2.67068E+0																	
3.84045E+1	3.05140E+1	-2.77810E+0																	
3.87232E+1	3.06439E+1	-2.90850E+0																	
3.89934E+1	3.08532E+1	-3.05394E+0																	
3.92071E+1	3.11234E+1	-3.20601E+0																	
3.93692E+1	3.14321E+1	-3.35841E+0																	
3.94939E+1	3.17607E+1	-3.50887E+0																	
3.95980E+1	3.20921E+1	-3.65410E+0																	
3.96623E+1	3.23980E+1	-3.78898E+0																	
																			
3.58810E+1	3.33018E+1	-3.70681E+0																	
3.60001E+1	3.30509E+1	-3.48260E+0																	
3.61117E+1	3.27713E+1	-3.27721E+0																	
3.62242E+1	3.24664E+1	-3.09609E+0																	
3.63611E+1	3.21406E+1	-2.93707E+0																	
3.65241E+1	3.18058E+1	-2.80311E+0																	
3.67024E+1	3.14680E+1	-2.69334E+0																	
3.69085E+1	3.11402E+1	-2.61065E+0																	
3.71587E+1	3.08454E+1	-2.56110E+0																	
3.74553E+1	3.06049E+1	-2.54822E+0																	
3.77878E+1	3.04333E+1	-2.57137E+0																	
3.81409E+1	3.03394E+1	-2.62771E+0																	
3.84968E+1	3.03305E+1	-2.71375E+0																	
3.88360E+1	3.04113E+1	-2.82461E+0																	
3.91387E+1	3.05781E+1	-2.95321E+0																	
3.93921E+1	3.08154E+1	-3.09119E+0																	
3.95965E+1	3.10996E+1	-3.23157E+0																	
3.97634E+1	3.14091E+1	-3.37129E+0																	
3.99091E+1	3.17242E+1	-3.50676E+0																	
4.00060E+1	3.20240E+1	-3.63564E+0																	
																			
3.58720E+1	3.33014E+1	-3.70926E+0																	
3.60485E+1	3.30569E+1	-3.50963E+0																	
3.62162E+1	3.27849E+1	-3.32435E+0																	
3.63758E+1	3.24860E+1	-3.15731E+0																	
3.65407E+1	3.21671E+1	-3.00732E+0																	
3.67133E+1	3.18374E+1	-2.87601E+0																	
3.68903E+1	3.15017E+1	-2.76391E+0																	
3.70864E+1	3.11705E+1	-2.67440E+0																	
3.73195E+1	3.08631E+1	-2.61317E+0																	
3.75964E+1	3.05985E+1	-2.58421E+0																	
3.79118E+1	3.03916E+1	-2.58823E+0																	
3.82543E+1	3.02532E+1	-2.62380E+0																	
3.86101E+1	3.01934E+1	-2.68884E+0																	
3.89619E+1	3.02212E+1	-2.77992E+0																	
3.92896E+1	3.03381E+1	-2.89111E+0																	
3.95772E+1	3.05324E+1	-3.01442E+0																	
3.98207E+1	3.07809E+1	-3.14244E+0																	
4.00284E+1	3.10601E+1	-3.27119E+0																	
4.02159E+1	3.13478E+1	-3.39628E+0																	
4.03488E+1	3.16300E+1	-3.51784E+0																	
																			
3.58636E+1	3.33002E+1	-3.71177E+0																	
3.60940E+1	3.30681E+1	-3.53968E+0																	
3.63137E+1	3.28084E+1	-3.37774E+0																	
3.65172E+1	3.25178E+1	-3.22823E+0																	
3.67104E+1	3.22067E+1	-3.09074E+0																	
3.68975E+1	3.18843E+1	-2.96599E+0																	
3.70810E+1	3.15547E+1	-2.85561E+0																	
3.72757E+1	3.12258E+1	-2.76329E+0																	
3.74995E+1	3.09124E+1	-2.69419E+0																	
3.77616E+1	3.06306E+1	-2.65247E+0																	
3.80609E+1	3.03946E+1	-2.63987E+0																	
3.83901E+1	3.02161E+1	-2.65627E+0																	
3.87394E+1	3.01070E+1	-2.70093E+0																	
3.90949E+1	3.00796E+1	-2.77195E+0																	
3.94384E+1	3.01401E+1	-2.86476E+0																	
3.97523E+1	3.02815E+1	-2.97213E+0																	
4.00297E+1	3.04828E+1	-3.08650E+0																	
4.02754E+1	3.07201E+1	-3.20310E+0																	
4.05032E+1	3.09697E+1	-3.31663E+0																	
4.06761E+1	3.12221E+1	-3.42924E+0																	
																			
3.58568E+1	3.32980E+1	-3.71388E+0																	
3.61321E+1	3.30860E+1	-3.57100E+0																	
3.63952E+1	3.28443E+1	-3.43459E+0																	
3.66355E+1	3.25651E+1	-3.30547E+0																	
3.68548E+1	3.22624E+1	-3.18356E+0																	
3.70603E+1	3.19488E+1	-3.06907E+0																	
3.72583E+1	3.16283E+1	-2.96436E+0																	
3.74616E+1	3.13062E+1	-2.87321E+0																	
3.76859E+1	3.09926E+1	-2.80020E+0																	
3.79409E+1	3.07005E+1	-2.74938E+0																	
3.82278E+1	3.04424E+1	-2.72316E+0																	
3.85427E+1	3.02297E+1	-2.72244E+0																	
3.88800E+1	3.00748E+1	-2.74771E+0																	
3.92303E+1	2.99919E+1	-2.79852E+0																	
3.95790E+1	2.99913E+1	-2.87184E+0																	
3.99098E+1	3.00709E+1	-2.96155E+0																	
4.02142E+1	3.02141E+1	-3.06034E+0																	
4.04938E+1	3.03986E+1	-3.16290E+0																	
4.07591E+1	3.06004E+1	-3.26328E+0																	
4.09757E+1	3.08108E+1	-3.36511E+0																	
																			
3.58514E+1	3.32949E+1	-3.71537E+0																	
3.61624E+1	3.31093E+1	-3.60238E+0																	
3.64603E+1	3.28903E+1	-3.49277E+0																	
3.67305E+1	3.26256E+1	-3.38619E+0																	
3.69731E+1	3.23327E+1	-3.28240E+0																	
3.71997E+1	3.20295E+1	-3.18148E+0																	
3.74182E+1	3.17212E+1	-3.08612E+0																	
3.76380E+1	3.14099E+1	-3.00001E+0																	
3.78712E+1	3.11018E+1	-2.92709E+0																	
3.81259E+1	3.08062E+1	-2.87108E+0																	
3.84045E+1	3.05332E+1	-2.83471E+0																	
3.87059E+1	3.02931E+1	-2.81961E+0																	
3.90282E+1	3.00979E+1	-2.82729E+0																	
3.93669E+1	2.99623E+1	-2.85863E+0																	
3.97126E+1	2.98997E+1	-2.91219E+0																	
4.00522E+1	2.99134E+1	-2.98319E+0																	
4.03771E+1	2.99921E+1	-3.06494E+0																	
4.06856E+1	3.01169E+1	-3.15185E+0																	
4.09843E+1	3.02647E+1	-3.23770E+0																	
4.12451E+1	3.04244E+1	-3.32704E+0																	
																			
3.58473E+1	3.32912E+1	-3.71606E+0																	
3.61858E+1	3.31356E+1	-3.63272E+0																	
3.65107E+1	3.29427E+1	-3.55034E+0																	
3.68048E+1	3.26955E+1	-3.46763E+0																	
3.70684E+1	3.24145E+1	-3.38399E+0																	
3.73172E+1	3.21242E+1	-3.29949E+0																	
3.75596E+1	3.18311E+1	-3.21688E+0																	
3.78010E+1	3.15349E+1	-3.13953E+0																	
3.80487E+1	3.12376E+1	-3.07073E+0																	
3.83088E+1	3.09451E+1	-3.01368E+0																	
3.85834E+1	3.06647E+1	-2.97110E+0																	
3.88734E+1	3.04049E+1	-2.94509E+0																	
3.91804E+1	3.01767E+1	-2.93791E+0																	
3.95046E+1	2.99945E+1	-2.95158E+0																	
3.98423E+1	2.98739E+1	-2.98616E+0																	
4.01848E+1	2.98229E+1	-3.03837E+0																	
4.05240E+1	2.98363E+1	-3.10236E+0																	
4.08558E+1	2.98993E+1	-3.17257E+0																	
4.11827E+1	2.99908E+1	-3.24284E+0																	
4.14844E+1	3.00958E+1	-3.31823E+0																	
																			
3.58441E+1	3.32871E+1	-3.71577E+0																	
3.62029E+1	3.31630E+1	-3.66094E+0																	
3.65481E+1	3.29981E+1	-3.60535E+0																	
3.68614E+1	3.27714E+1	-3.54709E+0																	
3.71438E+1	3.25052E+1	-3.48505E+0																	
3.74145E+1	3.22306E+1	-3.41939E+0																	
3.76816E+1	3.19562E+1	-3.35260E+0																	
3.79466E+1	3.16790E+1	-3.28761E+0																	
3.82122E+1	3.13977E+1	-3.22699E+0																	
3.84817E+1	3.11148E+1	-3.17326E+0																	
3.87565E+1	3.08347E+1	-3.12889E+0																	
3.90389E+1	3.05637E+1	-3.09616E+0																	
3.93330E+1	3.03116E+1	-3.07779E+0																	
3.96433E+1	3.00921E+1	-3.07665E+0																	
3.99712E+1	2.99220E+1	-3.09412E+0																	
4.03125E+1	2.98133E+1	-3.12840E+0																	
4.06607E+1	2.97661E+1	-3.17466E+0																	
4.10097E+1	2.97702E+1	-3.22765E+0																	
4.13579E+1	2.98070E+1	-3.28166E+0																	
4.16936E+1	2.98577E+1	-3.34187E+0																	
																			
3.58417E+1	3.32829E+1	-3.71434E+0																	
3.62145E+1	3.31893E+1	-3.68595E+0																	
3.65745E+1	3.30528E+1	-3.65583E+0																	
3.69031E+1	3.28494E+1	-3.62181E+0																	
3.72021E+1	3.26020E+1	-3.58231E+0																	
3.74930E+1	3.23467E+1	-3.53746E+0																	
3.77832E+1	3.20942E+1	-3.48928E+0																	
3.80709E+1	3.18401E+1	-3.44010E+0																	
3.83552E+1	3.15798E+1	-3.39173E+0																	
3.86366E+1	3.13127E+1	-3.34592E+0																	
3.89159E+1	3.10407E+1	-3.30466E+0																	
3.91960E+1	3.07681E+1	-3.27012E+0																	
3.94826E+1	3.05032E+1	-3.24516E+0																	
3.97828E+1	3.02589E+1	-3.23314E+0																	
4.01022E+1	3.00526E+1	-3.23645E+0																	
4.04406E+1	2.98984E+1	-3.25460E+0																	
4.07929E+1	2.98009E+1	-3.28392E+0																	
4.11522E+1	2.97538E+1	-3.31971E+0																	
4.15138E+1	2.97416E+1	-3.35712E+0																	
4.18728E+1	2.97429E+1	-3.40115E+0																	
																			
3.58398E+1	3.32787E+1	-3.71166E+0																	
3.62213E+1	3.32128E+1	-3.70699E+0																	
3.65915E+1	3.31040E+1	-3.70038E+0																	
3.69326E+1	3.29266E+1	-3.68978E+0																	
3.72464E+1	3.27023E+1	-3.67327E+0																	
3.75546E+1	3.24702E+1	-3.65077E+0																	
3.78642E+1	3.22431E+1	-3.62366E+0																	
3.81715E+1	3.20159E+1	-3.59352E+0																	
3.84732E+1	3.17812E+1	-3.56136E+0																	
3.87679E+1	3.15360E+1	-3.52809E+0																	
3.90559E+1	3.12798E+1	-3.49506E+0																	
3.93400E+1	3.10154E+1	-3.46405E+0																	
3.96263E+1	3.07499E+1	-3.43769E+0																	
3.99230E+1	3.04956E+1	-3.41943E+0																	
4.02378E+1	3.02695E+1	-3.41229E+0																	
4.05731E+1	3.00862E+1	-3.41682E+0																	
4.09254E+1	2.99527E+1	-3.43056E+0																	
4.12879E+1	2.98658E+1	-3.44960E+0																	
4.16541E+1	2.98132E+1	-3.47036E+0																	
4.20230E+1	2.97735E+1	-3.49743E+0																	
																			
3.58383E+1	3.32745E+1	-3.70792E+0																	
3.62243E+1	3.32337E+1	-3.72459E+0																	
3.66010E+1	3.31519E+1	-3.73976E+0																	
3.69525E+1	3.30027E+1	-3.75178E+0																	
3.72795E+1	3.28053E+1	-3.75858E+0																	
3.76025E+1	3.25996E+1	-3.75964E+0																	
3.79281E+1	3.24008E+1	-3.75558E+0																	
3.82521E+1	3.22035E+1	-3.74714E+0																	
3.85696E+1	3.19984E+1	-3.73447E+0																	
3.88786E+1	3.17799E+1	-3.71759E+0																	
3.91787E+1	3.15459E+1	-3.69709E+0																	
3.94724E+1	3.12979E+1	-3.67413E+0																	
3.97647E+1	3.10422E+1	-3.65079E+0																	
4.00638E+1	3.07906E+1	-3.63030E+0																	
4.03776E+1	3.05590E+1	-3.61591E+0																	
4.07099E+1	3.03610E+1	-3.60903E+0																	
4.10588E+1	3.02041E+1	-3.60841E+0																	
4.14185E+1	3.00875E+1	-3.61117E+0																	
4.17821E+1	3.00022E+1	-3.61527E+0																	
4.21491E+1	2.99290E+1	-3.62477E+0																	
																			
3.58371E+1	3.32704E+1	-3.70339E+0																	
3.62243E+1	3.32526E+1	-3.73962E+0																	
3.66049E+1	3.31972E+1	-3.77525E+0																	
3.69650E+1	3.30778E+1	-3.80930E+0																	
3.73041E+1	3.29101E+1	-3.83964E+0																	
3.76400E+1	3.27334E+1	-3.86517E+0																	
3.79792E+1	3.25651E+1	-3.88567E+0																	
3.83175E+1	3.24000E+1	-3.90092E+0																	
3.86499E+1	3.22273E+1	-3.91019E+0																	
3.89738E+1	3.20392E+1	-3.91259E+0																	
3.92886E+1	3.18323E+1	-3.90785E+0																	
3.95959E+1	3.16070E+1	-3.89632E+0																	
3.98991E+1	3.13688E+1	-3.87932E+0																	
4.02050E+1	3.11294E+1	-3.85958E+0																	
4.05206E+1	3.09029E+1	-3.84038E+0																	
4.08500E+1	3.07009E+1	-3.82374E+0																	
4.11930E+1	3.05302E+1	-3.80968E+0																	
4.15455E+1	3.03914E+1	-3.79648E+0																	
4.19008E+1	3.02791E+1	-3.78394E+0																	
4.22572E+1	3.01782E+1	-3.77540E+0																	
																			
3.58361E+1	3.32664E+1	-3.69833E+0																	
3.62225E+1	3.32703E+1	-3.75293E+0																	
3.66050E+1	3.32409E+1	-3.80816E+0																	
3.69728E+1	3.31524E+1	-3.86384E+0																	
3.73232E+1	3.30163E+1	-3.91787E+0																	
3.76707E+1	3.28702E+1	-3.96848E+0																	
3.80216E+1	3.27337E+1	-4.01452E+0																	
3.83728E+1	3.26025E+1	-4.05479E+0																	
3.87194E+1	3.24640E+1	-4.08764E+0																	
3.90587E+1	3.23089E+1	-4.11125E+0																	
3.93900E+1	3.21322E+1	-4.12443E+0																	
3.97136E+1	3.19337E+1	-4.12659E+0																	
4.00309E+1	3.17182E+1	-4.11814E+0																	
4.03464E+1	3.14974E+1	-4.10116E+0																	
4.06656E+1	3.12832E+1	-4.07873E+0																	
4.09923E+1	3.10843E+1	-4.05344E+0																	
4.13277E+1	3.09061E+1	-4.02656E+0																	
4.16699E+1	3.07501E+1	-3.99763E+0																	
4.20133E+1	3.06147E+1	-3.96845E+0																	
4.23533E+1	3.04898E+1	-3.94157E+0																	
																			
